[gd_scene load_steps=3 format=3 uid="uid://bfamn5prsuim3"]

[ext_resource type="PackedScene" uid="uid://r3koenwobfw4" path="res://Characters/Player/Player.tscn" id="1_iadkb"]
[ext_resource type="Script" uid="uid://cbk0omojbctap" path="res://Characters/BotSim/BotSimFunc.gd" id="3_j2bpo"]

[node name="Player" node_paths=PackedStringArray("mode_func") instance=ExtResource("1_iadkb")]
mode_func = NodePath("BotSimFunc")

[node name="BotSimFunc" type="Node" parent="." index="0" node_paths=PackedStringArray("character")]
script = ExtResource("3_j2bpo")
character = NodePath("..")

[node name="Skeleton3D" parent="Mannequin/Mannequin" index="0"]
bones/0/position = Vector3(-5.98401e-06, 0.960681, -4.11904e-07)
bones/9/rotation = Quaternion(0, -0.707107, 0, 0.707107)
bones/10/rotation = Quaternion(0, 0.707107, 0, 0.707107)
bones/11/rotation = Quaternion(-0.214187, 0.673887, 0.214187, 0.673887)
bones/12/rotation = Quaternion(-1.49011e-08, 0, 0, 1)
bones/33/rotation = Quaternion(0, 0.707107, 0, 0.707107)
bones/34/rotation = Quaternion(0, -0.707107, 0, 0.707107)
bones/35/rotation = Quaternion(-0.214187, -0.673887, -0.214187, 0.673887)
bones/36/rotation = Quaternion(-1.49011e-08, 0, 0, 1)
bones/55/rotation = Quaternion(0.0155962, -0.200379, 0.979158, 0.0292304)
bones/56/rotation = Quaternion(0.000623663, 0.979141, 0.202284, -0.0190781)
bones/57/rotation = Quaternion(0.0594148, 0.696381, -0.712572, 0.0613624)
bones/58/rotation = Quaternion(-0.0062387, 0.985966, -0.164283, -0.0290379)
bones/60/rotation = Quaternion(0.00470322, 0.0586903, 0.997904, -0.0268647)
bones/61/rotation = Quaternion(0.00059974, 0.993363, 0.11404, -0.0149723)
bones/62/rotation = Quaternion(-0.0757413, 0.794625, -0.599851, -0.0548845)
bones/63/rotation = Quaternion(0.0102404, 0.992902, -0.11743, 0.0158373)

[node name="Head" parent="Mannequin/Mannequin/Skeleton3D" index="2"]
transform = Transform3D(1, 0, 0, 0, 1, 0, 0, 0, 1, 3.85028e-05, 1.56352, 0.00340767)

[node name="Neck" parent="Mannequin/Mannequin/Skeleton3D" index="3"]
transform = Transform3D(1, 0, 0, 0, 1, 0, 0, 0, 1, 2.94757e-05, 1.4603, 0.034832)

[node name="R_UpperArm" parent="Mannequin/Mannequin/Skeleton3D" index="4"]
transform = Transform3D(0, -1, 0, 0, 0, -1, 1, 0, 0, 0.187632, 1.3984, 0.0617143)

[node name="R_Forearm" parent="Mannequin/Mannequin/Skeleton3D" index="5"]
transform = Transform3D(0, -1, 0, 1, 0, 0, 0, 0, 1, 0.461679, 1.39838, 0.0617141)

[node name="R_Hand" parent="Mannequin/Mannequin/Skeleton3D" index="6"]
transform = Transform3D(0, -1, 0, 0, 0, -1, 1, 0, 0, 0.737823, 1.39835, 0.0617139)

[node name="Slapper" parent="Mannequin/Mannequin/Skeleton3D/R_Hand/Weapons" index="0"]
transform = Transform3D(1, 0, 0, 0, 1, 0, 0, 0, 1, 0, -0.0789925, 0)

[node name="L_UpperArm" parent="Mannequin/Mannequin/Skeleton3D" index="7"]
transform = Transform3D(0, 1, 0, 0, 0, -1, -1, 0, 0, -0.187585, 1.39843, 0.0617148)

[node name="L_Forearm" parent="Mannequin/Mannequin/Skeleton3D" index="8"]
transform = Transform3D(0, 1, 0, -1, 0, 0, 0, 0, 1, -0.461632, 1.39846, 0.0617149)

[node name="L_Hand" parent="Mannequin/Mannequin/Skeleton3D" index="9"]
transform = Transform3D(0, 1, 0, 0, 0, -1, -1, 0, 0, -0.737777, 1.39848, 0.0617148)

[node name="Chest" parent="Mannequin/Mannequin/Skeleton3D" index="10"]
transform = Transform3D(1, 0, 0, 0, 1, 0, 0, 0, 1, 1.65333e-05, 1.30997, 0.042761)

[node name="Stomach" parent="Mannequin/Mannequin/Skeleton3D" index="11"]
transform = Transform3D(1, 0, 0, 0, 1, 0, 0, 0, 1, 5.71302e-06, 1.17637, 0.0264964)

[node name="Hips" parent="Mannequin/Mannequin/Skeleton3D" index="12"]
transform = Transform3D(1, 0, 0, 0, 1, 0, 0, 0, 1, -5.98401e-06, 0.960681, -4.11904e-07)

[node name="R_Thigh" parent="Mannequin/Mannequin/Skeleton3D" index="13"]
transform = Transform3D(-0.998513, 0.0541688, 0.00623332, -0.0530647, -0.991668, 0.117387, 0.0125401, 0.116882, 0.993067, 0.0912385, 0.894117, 0.00055338)

[node name="R_Shin" parent="Mannequin/Mannequin/Skeleton3D" index="14"]
transform = Transform3D(0.99813, 0.0495724, 0.0357706, 0.0587536, -0.939524, -0.337407, 0.0168812, 0.338877, -0.940679, 0.115704, 0.492278, 0.0530787)

[node name="R_Foot" parent="Mannequin/Mannequin/Skeleton3D" index="15"]
transform = Transform3D(-0.976997, -0.206343, -0.0538483, -0.0665859, 0.0552862, 0.996248, -0.202591, 0.976917, -0.067754, 0.133369, 0.104037, 0.214911)

[node name="L_Thigh" parent="Mannequin/Mannequin/Skeleton3D" index="16"]
transform = Transform3D(-0.997805, -0.0634927, 0.018828, 0.0509921, -0.917988, -0.393317, 0.0422567, -0.391493, 0.91921, -0.0912506, 0.894117, 0.000553348)

[node name="L_Shin" parent="Mannequin/Mannequin/Skeleton3D" index="17"]
transform = Transform3D(0.998198, -0.0597588, -0.00539972, -0.0597844, -0.9982, -0.00471264, -0.00510839, 0.00502694, -0.999974, -0.11937, 0.519553, -0.153532)

[node name="L_Foot" parent="Mannequin/Mannequin/Skeleton3D" index="18"]
transform = Transform3D(-0.982434, 0.176563, 0.0604055, 0.0644049, 0.0170037, 0.997779, 0.175144, 0.984142, -0.0280764, -0.141944, 0.0997816, -0.13084)

[editable path="Mannequin"]
